행정동,소계,year,소계_Lag1,소계_MoM_Change,소계_변화율
석전동,18193.0,201501,,,
석전동,18134.0,201502,18193.0,-59.0,-0.3243005551585775
석전동,18122.0,201503,18134.0,-12.0,-0.0661740377192015
석전동,18067.0,201504,18122.0,-55.0,-0.30349851009822315
석전동,17985.0,201505,18067.0,-82.0,-0.45386616483090714
석전동,17933.0,201506,17985.0,-52.0,-0.28912983041423407
석전동,17876.0,201507,17933.0,-57.0,-0.317849774159371
석전동,17817.0,201508,17876.0,-59.0,-0.3300514656522712
석전동,17838.0,201509,17817.0,21.0,0.117864960431049
석전동,17810.0,201510,17838.0,-28.0,-0.15696826998542437
석전동,17730.0,201511,17810.0,-80.0,-0.4491858506457047
석전동,17532.0,201512,17730.0,-198.0,-1.116751269035533
석전동,17257.0,201601,17532.0,-275.0,-1.5685603467944331
석전동,16994.0,201602,17257.0,-263.0,-1.5240192385698559
석전동,16643.0,201603,16994.0,-351.0,-2.0654348593621275
석전동,16294.0,201604,16643.0,-349.0,-2.0969777083458507
석전동,16142.0,201605,16294.0,-152.0,-0.9328587210015957
석전동,16043.0,201606,16142.0,-99.0,-0.6133069012513939
석전동,16003.0,201607,16043.0,-40.0,-0.24932992582434704
석전동,15958.0,201608,16003.0,-45.0,-0.2811972755108417
석전동,15910.0,201609,15958.0,-48.0,-0.30078957262814887
석전동,15883.0,201610,15910.0,-27.0,-0.16970458830923946
석전동,15847.0,201611,15883.0,-36.0,-0.22665743247497322
석전동,15793.0,201612,15847.0,-54.0,-0.34075850318672307
석전동,15742.0,201701,15793.0,-51.0,-0.32292787944025836
석전동,15660.0,201702,15742.0,-82.0,-0.5208995045102275
석전동,15553.0,201703,15660.0,-107.0,-0.6832694763729247
석전동,15473.0,201704,15553.0,-80.0,-0.5143702179643799
석전동,15385.0,201705,15473.0,-88.0,-0.5687326310347056
석전동,15328.0,201706,15385.0,-57.0,-0.3704907377315567
석전동,15312.0,201707,15328.0,-16.0,-0.10438413361169101
석전동,15257.0,201708,15312.0,-55.0,-0.35919540229885055
석전동,15240.0,201709,15257.0,-17.0,-0.11142426427213738
석전동,15207.0,201710,15240.0,-33.0,-0.21653543307086615
석전동,15177.0,201711,15207.0,-30.0,-0.19727756954034328
석전동,15141.0,201712,15177.0,-36.0,-0.23720102787112077
석전동,15119.0,201801,15141.0,-22.0,-0.14530083878211478
석전동,15075.0,201802,15119.0,-44.0,-0.2910245386599643
석전동,15002.0,201803,15075.0,-73.0,-0.48424543946932
석전동,14944.0,201804,15002.0,-58.0,-0.38661511798426873
석전동,14894.0,201805,14944.0,-50.0,-0.3345824411134904
석전동,14846.0,201806,14894.0,-48.0,-0.32227742715187324
석전동,14823.0,201807,14846.0,-23.0,-0.15492388522160852
석전동,14725.0,201808,14823.0,-98.0,-0.6611347230655062
석전동,14675.0,201809,14725.0,-50.0,-0.3395585738539898
석전동,14639.0,201810,14675.0,-36.0,-0.2453151618398637
석전동,14601.0,201811,14639.0,-38.0,-0.25958057244347293
석전동,14552.0,201812,14601.0,-49.0,-0.3355934525032532
석전동,14524.0,201901,14552.0,-28.0,-0.19241341396371633
석전동,14486.0,201902,14524.0,-38.0,-0.26163591297163313
석전동,14422.0,201903,14486.0,-64.0,-0.441805881540798
석전동,14373.0,201904,14422.0,-49.0,-0.3397587019830814
석전동,14357.0,201905,14373.0,-16.0,-0.1113198358032422
석전동,14306.0,201906,14357.0,-51.0,-0.35522741519816114
석전동,14287.0,201907,14306.0,-19.0,-0.13281140780092268
석전동,14110.0,201908,14287.0,-177.0,-1.238888500034997
석전동,14218.0,201909,14110.0,108.0,0.7654145995747696
석전동,14203.0,201910,14218.0,-15.0,-0.10550007033338021
석전동,14163.0,201911,14203.0,-40.0,-0.28163064141378585
석전동,14558.0,201912,14163.0,395.0,2.788957141848478
석전동,15941.0,202001,14558.0,1383.0,9.499931309245776
석전동,16806.0,202002,15941.0,865.0,5.426259331284109
석전동,17005.0,202003,16806.0,199.0,1.1841009163394025
석전동,17215.0,202004,17005.0,210.0,1.2349309026756836
석전동,17300.0,202005,17215.0,85.0,0.49375544583212316
석전동,17391.0,202006,17300.0,91.0,0.5260115606936416
석전동,17519.0,202007,17391.0,128.0,0.736012880225404
석전동,17539.0,202008,17519.0,20.0,0.11416176722415664
석전동,17435.0,202009,17539.0,-104.0,-0.592964251097554
석전동,17384.0,202010,17435.0,-51.0,-0.292515055921996
석전동,17332.0,202011,17384.0,-52.0,-0.2991256327657616
석전동,17242.0,202012,17332.0,-90.0,-0.5192707131317794
석전동,17234.0,202101,17242.0,-8.0,-0.046398329660132236
석전동,17160.0,202102,17234.0,-74.0,-0.4293837762562377
석전동,17156.0,202103,17160.0,-4.0,-0.023310023310023312
석전동,17124.0,202104,17156.0,-32.0,-0.18652366519002098
석전동,17102.0,202105,17124.0,-22.0,-0.1284746554543331
석전동,17133.0,202106,17102.0,31.0,0.18126534908197872
석전동,17138.0,202107,17133.0,5.0,0.029183447148777214
석전동,17076.0,202108,17138.0,-62.0,-0.3617691679309138
석전동,17053.0,202109,17076.0,-23.0,-0.13469196533145936
석전동,17016.0,202110,17053.0,-37.0,-0.21697062100510173
석전동,16978.0,202111,17016.0,-38.0,-0.2233192289609779
석전동,16879.0,202112,16978.0,-99.0,-0.583107550948286
석전동,16829.0,202201,16879.0,-50.0,-0.2962260797440607
석전동,16758.0,202202,16829.0,-71.0,-0.421890783766118
석전동,16779.0,202203,16758.0,21.0,0.12531328320802004
석전동,16734.0,202204,16779.0,-45.0,-0.26819238333631323
석전동,16763.0,202205,16734.0,29.0,0.17329986853113422
석전동,16786.0,202206,16763.0,23.0,0.1372069438644634
석전동,16758.0,202207,16786.0,-28.0,-0.16680567139282734
석전동,16740.0,202208,16758.0,-18.0,-0.10741138560687433
석전동,16719.0,202209,16740.0,-21.0,-0.12544802867383512
석전동,16736.0,202210,16719.0,17.0,0.10168072253125186
석전동,16724.0,202211,16736.0,-12.0,-0.07170172084130019
석전동,16734.0,202212,16724.0,10.0,0.0597943075819182
석전동,16720.0,202301,16734.0,-14.0,-0.08366200549778893
석전동,16733.0,202302,16720.0,13.0,0.07775119617224881
석전동,16684.0,202303,16733.0,-49.0,-0.2928345186159087
석전동,16629.0,202304,16684.0,-55.0,-0.32965715655718053
석전동,16634.0,202305,16629.0,5.0,0.03006795357507968
석전동,16639.0,202306,16634.0,5.0,0.03005891547432969
석전동,16639.0,202307,16639.0,0.0,0.0
석전동,16610.0,202308,16639.0,-29.0,-0.17428932027165095
석전동,16553.0,202309,16610.0,-57.0,-0.3431667670078266
석전동,16495.0,202310,16553.0,-58.0,-0.3503896574639038
석전동,16428.0,202311,16495.0,-67.0,-0.40618369202788723
석전동,16397.0,202312,16428.0,-31.0,-0.18870221572924276
석전동,16372.0,202401,16397.0,-25.0,-0.15246691467951454
석전동,16338.0,202402,16372.0,-34.0,-0.20767163449792328
석전동,16298.0,202403,16338.0,-40.0,-0.24482800832415227
석전동,16240.0,202404,16298.0,-58.0,-0.3558718861209964
석전동,16236.0,202405,16240.0,-4.0,-0.02463054187192118
석전동,16191.0,202406,16236.0,-45.0,-0.2771618625277162
석전동,16153.0,202407,16191.0,-38.0,-0.23469828917299734
석전동,16124.0,202408,16153.0,-29.0,-0.17953321364452424
석전동,16106.0,202409,16124.0,-18.0,-0.1116348300669809
석전동,16058.0,202410,16106.0,-48.0,-0.2980255805289954
석전동,16017.0,202411,16058.0,-41.0,-0.25532444887283595
석전동,15980.0,202412,16017.0,-37.0,-0.23100455765748892
석전동,15952.0,202501,15980.0,-28.0,-0.17521902377972465
석전동,15847.0,202502,15952.0,-105.0,-0.6582246740220662
석전동,15799.0,202503,15847.0,-48.0,-0.30289644727708714
석전동,15760.0,202504,15799.0,-39.0,-0.2468510665231977
석전동,15711.0,202505,15760.0,-49.0,-0.31091370558375636
석전동,15702.0,202506,15711.0,-9.0,-0.057284704983769336
석전동,15673.0,202507,15702.0,-29.0,-0.184689848426952
석전동,15637.0,202508,15673.0,-36.0,-0.2296943788681171
