행정동,소계,year,소계_Lag1,소계_YoY_Change
충무동,21034.0,201501,,
충무동,20992.0,201502,21034.0,-42.0
충무동,21008.0,201503,20992.0,16.0
충무동,21078.0,201504,21008.0,70.0
충무동,21141.0,201505,21078.0,63.0
충무동,21153.0,201506,21141.0,12.0
충무동,21176.0,201507,21153.0,23.0
충무동,21154.0,201508,21176.0,-22.0
충무동,20855.0,201509,21154.0,-299.0
충무동,20767.0,201510,20855.0,-88.0
충무동,20718.0,201511,20767.0,-49.0
충무동,20616.0,201512,20718.0,-102.0
충무동,20490.0,201601,20616.0,-126.0
충무동,20363.0,201602,20490.0,-127.0
충무동,20369.0,201603,20363.0,6.0
충무동,20317.0,201604,20369.0,-52.0
충무동,20287.0,201605,20317.0,-30.0
충무동,20271.0,201606,20287.0,-16.0
충무동,20179.0,201607,20271.0,-92.0
충무동,20095.0,201608,20179.0,-84.0
충무동,20025.0,201609,20095.0,-70.0
충무동,20056.0,201610,20025.0,31.0
충무동,20048.0,201611,20056.0,-8.0
충무동,20041.0,201612,20048.0,-7.0
충무동,20082.0,201701,20041.0,41.0
충무동,19920.0,201702,20082.0,-162.0
충무동,19870.0,201703,19920.0,-50.0
충무동,19802.0,201704,19870.0,-68.0
충무동,19756.0,201705,19802.0,-46.0
충무동,19680.0,201706,19756.0,-76.0
충무동,19591.0,201707,19680.0,-89.0
충무동,19517.0,201708,19591.0,-74.0
충무동,19455.0,201709,19517.0,-62.0
충무동,19448.0,201710,19455.0,-7.0
충무동,19361.0,201711,19448.0,-87.0
충무동,19333.0,201712,19361.0,-28.0
충무동,19283.0,201801,19333.0,-50.0
충무동,19149.0,201802,19283.0,-134.0
충무동,19109.0,201803,19149.0,-40.0
충무동,19013.0,201804,19109.0,-96.0
충무동,19005.0,201805,19013.0,-8.0
충무동,18945.0,201806,19005.0,-60.0
충무동,18872.0,201807,18945.0,-73.0
충무동,18777.0,201808,18872.0,-95.0
충무동,18774.0,201809,18777.0,-3.0
충무동,18796.0,201810,18774.0,22.0
충무동,18759.0,201811,18796.0,-37.0
충무동,18690.0,201812,18759.0,-69.0
충무동,18622.0,201901,18690.0,-68.0
충무동,18412.0,201902,18622.0,-210.0
충무동,18304.0,201903,18412.0,-108.0
충무동,18307.0,201904,18304.0,3.0
충무동,18278.0,201905,18307.0,-29.0
충무동,18208.0,201906,18278.0,-70.0
충무동,18190.0,201907,18208.0,-18.0
충무동,17973.0,201908,18190.0,-217.0
충무동,18039.0,201909,17973.0,66.0
충무동,18088.0,201910,18039.0,49.0
충무동,18058.0,201911,18088.0,-30.0
충무동,18051.0,201912,18058.0,-7.0
충무동,18029.0,202001,18051.0,-22.0
충무동,17930.0,202002,18029.0,-99.0
충무동,17832.0,202003,17930.0,-98.0
충무동,17767.0,202004,17832.0,-65.0
충무동,17707.0,202005,17767.0,-60.0
충무동,17711.0,202006,17707.0,4.0
충무동,17696.0,202007,17711.0,-15.0
충무동,17638.0,202008,17696.0,-58.0
충무동,17576.0,202009,17638.0,-62.0
충무동,17525.0,202010,17576.0,-51.0
충무동,17442.0,202011,17525.0,-83.0
충무동,17457.0,202012,17442.0,15.0
충무동,17394.0,202101,17457.0,-63.0
충무동,17289.0,202102,17394.0,-105.0
충무동,17186.0,202103,17289.0,-103.0
충무동,17173.0,202104,17186.0,-13.0
충무동,17092.0,202105,17173.0,-81.0
충무동,17090.0,202106,17092.0,-2.0
충무동,17071.0,202107,17090.0,-19.0
충무동,17059.0,202108,17071.0,-12.0
충무동,17059.0,202109,17059.0,0.0
충무동,17048.0,202110,17059.0,-11.0
충무동,17103.0,202111,17048.0,55.0
충무동,17073.0,202112,17103.0,-30.0
충무동,17007.0,202201,17073.0,-66.0
충무동,16942.0,202202,17007.0,-65.0
충무동,16916.0,202203,16942.0,-26.0
충무동,16868.0,202204,16916.0,-48.0
충무동,16824.0,202205,16868.0,-44.0
충무동,16773.0,202206,16824.0,-51.0
충무동,16722.0,202207,16773.0,-51.0
충무동,16689.0,202208,16722.0,-33.0
충무동,16696.0,202209,16689.0,7.0
충무동,16686.0,202210,16696.0,-10.0
충무동,16634.0,202211,16686.0,-52.0
충무동,16621.0,202212,16634.0,-13.0
충무동,16667.0,202301,16621.0,46.0
충무동,16619.0,202302,16667.0,-48.0
충무동,16547.0,202303,16619.0,-72.0
충무동,16494.0,202304,16547.0,-53.0
충무동,16502.0,202305,16494.0,8.0
충무동,16475.0,202306,16502.0,-27.0
충무동,16479.0,202307,16475.0,4.0
충무동,16403.0,202308,16479.0,-76.0
충무동,16342.0,202309,16403.0,-61.0
충무동,16316.0,202310,16342.0,-26.0
충무동,16314.0,202311,16316.0,-2.0
충무동,16374.0,202312,16314.0,60.0
충무동,16368.0,202401,16374.0,-6.0
충무동,16232.0,202402,16368.0,-136.0
충무동,16161.0,202403,16232.0,-71.0
충무동,16056.0,202404,16161.0,-105.0
충무동,16039.0,202405,16056.0,-17.0
충무동,16026.0,202406,16039.0,-13.0
충무동,15942.0,202407,16026.0,-84.0
충무동,15918.0,202408,15942.0,-24.0
충무동,15861.0,202409,15918.0,-57.0
충무동,15833.0,202410,15861.0,-28.0
충무동,15767.0,202411,15833.0,-66.0
충무동,15778.0,202412,15767.0,11.0
충무동,15778.0,202501,15778.0,0.0
충무동,15643.0,202502,15778.0,-135.0
충무동,15582.0,202503,15643.0,-61.0
충무동,15557.0,202504,15582.0,-25.0
충무동,15565.0,202505,15557.0,8.0
충무동,15519.0,202506,15565.0,-46.0
충무동,15530.0,202507,15519.0,11.0
충무동,15534.0,202508,15530.0,4.0
