﻿행정동,소계,year,소계_Lag1,소계_MoM_Change,소계_변화율
반월중앙동,18115.0,201501,,,
반월중앙동,18100.0,201502,18115.0,-15.0,-0.08280430582390284
반월중앙동,18059.0,201503,18100.0,-41.0,-0.22651933701657456
반월중앙동,18030.0,201504,18059.0,-29.0,-0.1605847499861565
반월중앙동,18021.0,201505,18030.0,-9.0,-0.04991680532445924
반월중앙동,18000.0,201506,18021.0,-21.0,-0.1165307141668054
반월중앙동,17993.0,201507,18000.0,-7.0,-0.03888888888888889
반월중앙동,17980.0,201508,17993.0,-13.0,-0.07225031956872116
반월중앙동,17991.0,201509,17980.0,11.0,0.06117908787541713
반월중앙동,17958.0,201510,17991.0,-33.0,-0.18342504585626146
반월중앙동,17847.0,201511,17958.0,-111.0,-0.6181089208152355
반월중앙동,17664.0,201512,17847.0,-183.0,-1.025382417212977
반월중앙동,17478.0,201601,17664.0,-186.0,-1.0529891304347827
반월중앙동,17428.0,201602,17478.0,-50.0,-0.28607392150131594
반월중앙동,17406.0,201603,17428.0,-22.0,-0.12623364700481982
반월중앙동,17404.0,201604,17406.0,-2.0,-0.01149029070435482
반월중앙동,17372.0,201605,17404.0,-32.0,-0.18386577798207307
반월중앙동,17394.0,201606,17372.0,22.0,0.12664057103384757
반월중앙동,17388.0,201607,17394.0,-6.0,-0.03449465332873405
반월중앙동,17381.0,201608,17388.0,-7.0,-0.040257648953301126
반월중앙동,17365.0,201609,17381.0,-16.0,-0.09205454231632243
반월중앙동,17380.0,201610,17365.0,15.0,0.08638065073423554
반월중앙동,17360.0,201611,17380.0,-20.0,-0.11507479861910241
반월중앙동,17334.0,201612,17360.0,-26.0,-0.14976958525345624
반월중앙동,17297.0,201701,17334.0,-37.0,-0.21345332871812622
반월중앙동,17272.0,201702,17297.0,-25.0,-0.1445337341735561
반월중앙동,17235.0,201703,17272.0,-37.0,-0.21421954608615099
반월중앙동,17152.0,201704,17235.0,-83.0,-0.4815781839280534
반월중앙동,17082.0,201705,17152.0,-70.0,-0.408115671641791
반월중앙동,17038.0,201706,17082.0,-44.0,-0.2575810794988877
반월중앙동,17010.0,201707,17038.0,-28.0,-0.16433853738701726
반월중앙동,17012.0,201708,17010.0,2.0,0.011757789535567314
반월중앙동,16973.0,201709,17012.0,-39.0,-0.2292499412179638
반월중앙동,16901.0,201710,16973.0,-72.0,-0.4242031461733341
반월중앙동,16883.0,201711,16901.0,-18.0,-0.10650257381220045
반월중앙동,16831.0,201712,16883.0,-52.0,-0.30800213232245455
반월중앙동,16731.0,201801,16831.0,-100.0,-0.5941417622244667
반월중앙동,16692.0,201802,16731.0,-39.0,-0.2331002331002331
반월중앙동,16605.0,201803,16692.0,-87.0,-0.5212077641984184
반월중앙동,16584.0,201804,16605.0,-21.0,-0.1264679313459801
반월중앙동,16579.0,201805,16584.0,-5.0,-0.03014954172696575
반월중앙동,16551.0,201806,16579.0,-28.0,-0.16888835273538816
반월중앙동,16542.0,201807,16551.0,-9.0,-0.0543773790103317
반월중앙동,16452.0,201808,16542.0,-90.0,-0.544069640914037
반월중앙동,16397.0,201809,16452.0,-55.0,-0.33430585946997327
반월중앙동,16401.0,201810,16397.0,4.0,0.024394706348722327
반월중앙동,16373.0,201811,16401.0,-28.0,-0.17072129748186088
반월중앙동,16335.0,201812,16373.0,-38.0,-0.23208941550112988
반월중앙동,16233.0,201901,16335.0,-102.0,-0.6244260789715336
반월중앙동,16179.0,201902,16233.0,-54.0,-0.33265570134910366
반월중앙동,16135.0,201903,16179.0,-44.0,-0.271957475740157
반월중앙동,16093.0,201904,16135.0,-42.0,-0.2603036876355748
반월중앙동,16093.0,201905,16093.0,0.0,0.0
반월중앙동,16063.0,201906,16093.0,-30.0,-0.18641645435903811
반월중앙동,16021.0,201907,16063.0,-42.0,-0.2614704600635
반월중앙동,15885.0,201908,16021.0,-136.0,-0.8488858373384932
반월중앙동,15927.0,201909,15885.0,42.0,0.26440037771482533
반월중앙동,15870.0,201910,15927.0,-57.0,-0.3578828404595969
반월중앙동,15821.0,201911,15870.0,-49.0,-0.3087586641461878
반월중앙동,15733.0,201912,15821.0,-88.0,-0.5562227419252891
반월중앙동,15680.0,202001,15733.0,-53.0,-0.3368715438886417
반월중앙동,15594.0,202002,15680.0,-86.0,-0.548469387755102
반월중앙동,15532.0,202003,15594.0,-62.0,-0.3975888162113634
반월중앙동,15489.0,202004,15532.0,-43.0,-0.276847798094257
반월중앙동,15431.0,202005,15489.0,-58.0,-0.37445929369229775
반월중앙동,15377.0,202006,15431.0,-54.0,-0.34994491607802475
반월중앙동,15321.0,202007,15377.0,-56.0,-0.36418026923327046
반월중앙동,15232.0,202008,15321.0,-89.0,-0.5809020298936101
반월중앙동,15181.0,202009,15232.0,-51.0,-0.33482142857142855
반월중앙동,15126.0,202010,15181.0,-55.0,-0.36229497398063365
반월중앙동,15065.0,202011,15126.0,-61.0,-0.4032791220415179
반월중앙동,14951.0,202012,15065.0,-114.0,-0.7567208762031198
반월중앙동,14879.0,202101,14951.0,-72.0,-0.48157313892047354
반월중앙동,14808.0,202102,14879.0,-71.0,-0.4771826063579542
반월중앙동,14739.0,202103,14808.0,-69.0,-0.4659643435980551
반월중앙동,14742.0,202104,14739.0,3.0,0.02035416242621616
반월중앙동,14709.0,202105,14742.0,-33.0,-0.22385022385022385
반월중앙동,14682.0,202106,14709.0,-27.0,-0.1835610850499694
반월중앙동,14658.0,202107,14682.0,-24.0,-0.1634654679199019
반월중앙동,14596.0,202108,14658.0,-62.0,-0.42297721380815934
반월중앙동,14567.0,202109,14596.0,-29.0,-0.19868457111537405
반월중앙동,14517.0,202110,14567.0,-50.0,-0.34324157341937256
반월중앙동,14545.0,202111,14517.0,28.0,0.1928773162499139
반월중앙동,14519.0,202112,14545.0,-26.0,-0.178755586112066
반월중앙동,14477.0,202201,14519.0,-42.0,-0.28927612094496863
반월중앙동,14411.0,202202,14477.0,-66.0,-0.45589555847205915
반월중앙동,14395.0,202203,14411.0,-16.0,-0.11102629935465964
반월중앙동,14356.0,202204,14395.0,-39.0,-0.27092740534907955
반월중앙동,14318.0,202205,14356.0,-38.0,-0.26469768737809973
반월중앙동,14282.0,202206,14318.0,-36.0,-0.2514317642128789
반월중앙동,14254.0,202207,14282.0,-28.0,-0.19605097325304577
반월중앙동,14242.0,202208,14254.0,-12.0,-0.08418689490669286
반월중앙동,14157.0,202209,14242.0,-85.0,-0.5968262884426345
반월중앙동,14126.0,202210,14157.0,-31.0,-0.21897294624567354
반월중앙동,14068.0,202211,14126.0,-58.0,-0.4105904006795979
반월중앙동,14017.0,202212,14068.0,-51.0,-0.3625248791583736
반월중앙동,13983.0,202301,14017.0,-34.0,-0.2425626025540415
반월중앙동,13940.0,202302,13983.0,-43.0,-0.30751626975613244
반월중앙동,13924.0,202303,13940.0,-16.0,-0.11477761836441894
반월중앙동,13901.0,202304,13924.0,-23.0,-0.16518241884515944
반월중앙동,13892.0,202305,13901.0,-9.0,-0.06474354362995467
반월중앙동,13900.0,202306,13892.0,8.0,0.05758710048949035
반월중앙동,13864.0,202307,13900.0,-36.0,-0.2589928057553957
반월중앙동,13869.0,202308,13864.0,5.0,0.03606462781304097
반월중앙동,13786.0,202309,13869.0,-83.0,-0.5984569904102675
반월중앙동,13691.0,202310,13786.0,-95.0,-0.6891048890178442
반월중앙동,13664.0,202311,13691.0,-27.0,-0.1972098458841575
반월중앙동,13646.0,202312,13664.0,-18.0,-0.13173302107728338
반월중앙동,13619.0,202401,13646.0,-27.0,-0.1978601788069764
반월중앙동,13567.0,202402,13619.0,-52.0,-0.3818195168514575
반월중앙동,13493.0,202403,13567.0,-74.0,-0.545441143952237
반월중앙동,13445.0,202404,13493.0,-48.0,-0.35574001334025046
반월중앙동,13427.0,202405,13445.0,-18.0,-0.1338787653402752
반월중앙동,13424.0,202406,13427.0,-3.0,-0.022343040142995457
반월중앙동,13420.0,202407,13424.0,-4.0,-0.02979737783075089
반월중앙동,13387.0,202408,13420.0,-33.0,-0.24590163934426232
반월중앙동,13353.0,202409,13387.0,-34.0,-0.2539777395981176
반월중앙동,13303.0,202410,13353.0,-50.0,-0.37444768965775477
반월중앙동,13308.0,202411,13303.0,5.0,0.03758550702848981
반월중앙동,13306.0,202412,13308.0,-2.0,-0.015028554253080853
반월중앙동,13289.0,202501,13306.0,-17.0,-0.12776191191943484
반월중앙동,13246.0,202502,13289.0,-43.0,-0.32357588983369706
반월중앙동,13191.0,202503,13246.0,-55.0,-0.4152196889627057
반월중앙동,13165.0,202504,13191.0,-26.0,-0.19710408611932376
반월중앙동,13163.0,202505,13165.0,-2.0,-0.01519179642992784
반월중앙동,13149.0,202506,13163.0,-14.0,-0.10635873281166906
반월중앙동,13118.0,202507,13149.0,-31.0,-0.23575937333637542
반월중앙동,13078.0,202508,13118.0,-40.0,-0.3049245311785333
